2394572737
3606591956
1639002058
2631256721
2785371983
2854927851
3471413648
26528972
34793470
1466794447
438817512
467950779
5188759065
3606591956
34793470
1639002058
3739987085
2631256721
26528972
3693717599
467950779
438817512
334595296
3752645853
2785371983
2854927851
3471413648
455247814
4983949502
334595296
528711177
1466794447
3954335685
455247814
5188759065
3739987085
3693717599
433922443
512550256
4964388407
5152757440
3752645853
2819893657
528711177
2652463374
433922443
4983949502
512550256
117105942
3954335685
303955773
4930215603
3694681395
117105942
303955773
3694681395
4964388407
2819893657
5152757440
2652463374
448656709
474704070
4510828432
5068514954
4999499851
4930215603
448656709
474704070
284552477
5098618618
284552477
4510828432
4999499851
5068514954
5236810711
382700531
514041019
4981453210
5052470894
3733973812
382700531
5098618618
514041019
372341879
4974330827
5236810711
372341879
4981453210
25489534
3733973812
5052470894
392849326
438988624
4771813412
5031020956
25489534
392849326
438988624
4974330827
128837898
372900489
5069260956
128837898
372900489
4771813412
5031020956
102400
102400
338699288
256232033
4097737167
5068640621
3660073137
5069260956
161754732
3509460563
338699288
256232033
379907007
4509435747
161754732
4097737167
379907007
5068640621
375918536
553628452
4315949337
4800964223
3509460563
3660073137
553628452
4509435747
375918536
3350540411
380623801
3831756598
380623801
4315949337
1559924982
4800964223
1420341214
393098027
428946312
4789825907
4988327632
33277130
1391182481
3350540411
393098027
2394572737
428946312
374187311
3831756598
3587852679
10487398
178996289
179101147
10487398
478170536
4951727840
1559924982
1391182481
33277130
1420341214
374187311
199116426
208970195
178996289
224616394
179101147
208970195
478170536
1476722958
4789825907
373440821
373440821
82869634
4988327632
199116426
224616394
286712118
5039131833
1412936387
30130107
1476722958
3587852679
1562046145
82869634
1399361374
4951727840
1389516016
286712118
441747673
30130107
1978210798
149710477
224616394
149710477
441747673
1391415478
224616394
1412936387
1562046145
5039131833
1399361374
31174848
37067735
1939012207
46819231
1389516016
1103372434
421907350
5080012915
211849480
2809290222
3142154344
1978210798
1527120536
3232984292
3880919273
31174848
1939012207
421907350
37067735
211849480
1103372434
1391415478
5208824863
13946060
3880919273
1978391116
1978391116
2809290222
5080012915
36005210
424620031
3142154344
150791661
3949014254
3075973419
3949014254
3732076316
5112516140
13946060
1527120536
3232984292
364509609
424620031
150791661
1391204967
10487398
36005210
3075973419
1511850573
364509609
2719964244
2257373446
1469648244
2899272277
5208824863
2719964244
2675440299
3644308956
5371817819
5371817819
2755080251
2646472505
1536579960
10487398
5112516140
3732076316
3745154161
3800356925
1475950607
228708925
4623913853
46819231
1391204967
2257373446
1469648244
3603387150
1511850573
3745154161
2899272277
3800356925
228708925
1209570338
2495481633
367539460
2675440299
3824621959
1277696001
3644308956
3824621959
247476402
2812068628
2755080251
1586831820
1536579960
5333757510
2646472505
367539460
1587719196
2659899584
173104836
1475950607
247476402
4623913853
4678302566
3603387150
5188678638
2835693899
2479601804
173104836
40160460
3736895980
1209570338
2495481633
1277696001
2812068628
1586831820
1587719196
2659899584
5333757510
40160460
521393651
4786368084
4881082848
4678302566
3169510189
521393651
2835693899
5188678638
2479601804
374409124
4785786406
5092472681
3736895980
4786368084
374409124
3266392329
405101547
4881082848
249008445
5052271275
3169510189
405101547
4872772466
249008445
4785786406
5092472681
432065816
4730759713
5054730411
3266392329
432065816
5052271275
4872772466
459108053
5006245480
5254023193
459108053
4730759713
5054730411
437154222
4993484677
5202710273
437154222
5006245480
3569808995
5254023193
570068007
4988599978
570068007
3714458195
4993484677
5202710273
59828229
494979887
4989983357
5108698990
59828229
3685133657
3569808995
4988599978
494979887
359871847
359871847
3714458195
438461804
4955362325
4955362325
5245074478
438461804
4989983357
5108698990
3460300
3685133657
231437304
5019050661
5192401551
3460300
3654755002
231437304
319300736
3538983907
5245074478
430528418
5031577604
319300736
4457991558
430528418
5019050661
5192401551
4978481169
363006664
5193285010
3538983907
3654755002
363006664
5031577604
3742982370
377072575
4902104167
4457991558
5129672110
377072575
4978481169
5193285010
13841202
516483737
5007029348
5006658763
32351475
32245452
3742982370
1490103260
13841202
2920146290
1490103260
1422739537
516483737
4902104167
32245452
5129672110
32245452
32035363
544459869
4980590742
3856485501
32351475
3856485501
3886028817
5023491546
93096749
544459869
2895901862
5007029348
5059688949
1422739537
1511995106
32035363
32245452
5006658763
35023122
3660344031
2920146290
6557764622
93096749
35023122
94563133
38959436
32256184
3163002029
168878832
4302357204
4980590742
1566104450
535520420
2914764317
3886028817
1619534028
94563133
535520420
168878832
4701105595
2914764317
2895901862
5023491546
3591938845
32256184
5059688949
2697949777
38959436
2920498283
1511995106
903218656
4302357204
3660344031
6557764622
488501938
5042070734
3687415543
3163002029
29941930
3542924294
903218656
32701783
1508593950
2862121370
1647355509
1361989829
3270979563
1566104450
1619534028
2920498283
1508593950
1634558803
604306104
488501938
1154079772
4701105595
3591938845
2697949777
32701783
29941930
3818820819
4934638815
256299388
1879724067
604306104
143281950
698757340
3687415543
3542924294
3709589673
337581035
4917250937
3818820819
3811711238
1403812665
2862121370
143281950
1361989829
815497665
1647355509
459394034
5042070734
256299388
698757340
1634558803
1154079772
3270979563
2963358821
3692725571
3811711238
337581035
2488374238
3709589673
3629613395
3213780743
459394034
4934638815
278543957
815497665
1607706602
5010802805
1879724067
3721894020
3518721544
1688216457
4682152872
5010802805
3666670898
1403812665
32819727
37955682
4917250937
3451879219
3639264716
1688216457
1539843727
314251278
5154706377
2963358821
165969783
3721894020
2488374238
3692725571
1289512877
3629613395
3213780743
156290702
198924430
314251278
2882549711
2535653498
278543957
1960590048
38792967
39991362
36430221
423406459
37955682
32819727
2535653498
3990225461
156290702
1607706602
165969783
3518721544
3788793611
123363269
423406459
198924430
375463925
4682152872
5189123299
301968102
1637780752
3666670898
1918888333
39991362
38792967
36430221
123363269
1539843727
3639264716
2786762798
5189123299
3451879219
301968102
5154706377
3782710131
468966730
5135929680
375463925
2764427926
129958409
1289512877
3923232191
521250660
3783976422
2882549711
1960590048
184105795
3990225461
3788793611
2896282162
468966730
4014355876
184105795
129958409
188265624
4995884537
521250660
3672782272
1637780752
1918888333
5127648721
2786762798
2986307515
469602519
469602519
3782710131
188265624
2764427926
3923232191
5127648721
3452941254
293037005
364515849
4958570936
3843724799
18245221
3783976422
18245221
176376180
5135929680
2985755784
2896282162
4014355876
293037005
364515849
4995884537
135203202
229644549
3672782272
176376180
358127127
229644549
4995379038
2986307515
4976606732
135203202
3452941254
4976606732
358127127
4958570936
3843724799
2985755784
419144758
411996155
4556175479
5146965380
2812714108
419144758
411996155
4995379038
262614270
4290254861
5141388461
5141388461
262614270
4556175479
2812714108
5146965380
290530673
4953629431
290530673
3606958606
4290254861
318161037
3606958606
318161037
4953629431
29321527
329415477
4951315732
29321527
329415477
4946953974
5135895333
5135895333
4951315732
3565158
4962701434
3565158
3580782107
4946953974
3722295335
4959744914
4962701434
293687517
4783368435
3580782107
3722295335
293687517
4959744914
3780035405
383842131
3451595533
5046076970
5046076970
383842131
4783368435
5006728844
3780035405
3451595533
1413893214
335844890
4759248661
2637134264
5076613680
5076613680
175317545
511092599
176537141
335844890
279866999
5006728844
176537141
511092599
2864822600
3678969687
5183851021
175317545
13841202
279866999
1413893214
337378972
4759248661
2637134264
366281093
366281093
2961312794
239565009
2364869975
2772390981
1746653662
106496
44340530
239565009
106496
35940354
1744981577
35940354
45167802
44340530
29332420
13841202
427101433
337378972
4977988882
3678969687
2864822600
29332420
40265318
2806560634
133567043
427101433
40265318
2800839877
45167802
3236618049
43306188
2286679108
359361516
5196816417
43306188
3214750621
5183851021
2286679108
4779617764
337074673
359361516
2364869975
2961312794
4895185537
2772390981
41209036
133567043
1270285887
1746653662
41209036
3846799879
1744981577
41313894
3236618049
140428153
257340043
199086271
8074034
3864525584
3214750621
337074673
4977988882
41313894
1870843563
1668411106
2640917550
2806560634
2800839877
40160460
1545641001
1668411106
4252407922
2640917550
40160460
3773916542
44354764
199086271
1545641001
1562299689
63694259
140428153
44354764
3864525584
257340043
8074034
4779617764
5196816417
2913450033
4895185537
3846799879
498695893
5143383101
2696307628
3917013211
1353781457
1270285887
1870843563
2377301231
3170953762
1631689236
498695893
3829085281
3773916542
4252407922
1562299689
1355141154
5145528137
5183328084
2913450033
3229837214
5183328084
2675298214
5143383101
2569083849
326378678
2696307628
3170953762
3426111957
340852260
5132624101
488906086
3917013211
377038449
488906086
1408227062
345979559
1353781457
208106961
293956199
2377301231
3426111957
326378678
3345524577
3345524577
4739201575
340852260
3845436833
422675451
377038449
4739201575
3332055984
4722459886
256087947
1281813652
345979559
298676687
291671646
1281813652
3829085281
298676687
2569083849
208106961
5155622686
168901948
2897770793
527424302
168901948
422675451
63694259
224616394
2633387496
5131504894
1631689236
193936868
1355141154
484963220
5145528137
291671646
1382396954
468885096
4968418771
472933306
490388321
293956199
490388321
41932724
224616394
439639938
2897770793
1355322004
2633387496
202000858
1408227062
484963220
3229837214
3460300
2675298214
256087947
3460300
439639938
468885096
13841202
527424302
472933306
481318572
4771235215
3845436833
193936868
3332055984
218220559
4722459886
5115834551
5132624101
202000858
3870767146
41932724
13841202
481318572
77199725
5131504894
5155622686
218220559
1382396954
325944566
378487374
5025124396
4485476996
1355322004
77199725
4771235215
3755204210
325944566
4968418771
378487374
395849613
3870767146
5115834551
288796465
3557327005
288796465
3223204996
4922608700
395849613
5025124396
5153462591
4467298906
428099790
495833253
4951063801
4485476996
3755204210
3557327005
3223204996
428099790
495833253
4922608700
306040769
4997228000
5153462591
3846898005
4951063801
306040769
498304064
4999575060
4737496683
4467298906
4997228000
498304064
3846898005
4842291249
4999575060
27789513
5016028206
5062351735
27789513
4737496683
4842291249
308564463
4967430045
308564463
5016028206
3565158
4917398425
4761852138
3565158
5062351735
2354167140
4967430045
125996986
3733649963
5046561379
125996986
4761852138
4917398425
4925361112
3733649963
2354167140
5046561379
3659207588
4926976001
4925361112
4299776016
3659207588
4926976001
4873949345
4299776016
4925246198
4873949345
378122620
4868276365
378122620
4925246198
486724821
4912712998
393397303
393397303
413395712
4868276365
413395712
486724821
496715372
5049104272
496715372
397914942
2990099324
4912712998
397914942
458742265
4540297630
389104699
402548851
389104699
5049104272
458742265
2990099324
402548851
416650411
4927797091
165687905
4540297630
416650411
4954813568
165687905
4927797091
379930065
4914734101
379930065
4954813568
5028057473
315053357
1835374118
1835374118
1874488930
3888067327
4914734101
315053357
369594146
4938309780
369594146
5028057473
320711748
1874488930
3888067327
531658055
4606007342
320711748
142774897
4938309780
531658055
479783280
4721338480
142774897
479783280
4606007342
344944525
4867485134
4721338480
344944525
4823675698
4867485134
4945194584
4823675698
4900733093
4945194584
28843374
5049274495
28843374
4900733093
459980716
4851467721
459980716
5049274495
3460300
4382756776
3460300
3796667032
4851467721
218854690
3398977763
4749444281
218854690
4382756776
4959586187
3796667032
3398977763
4749444281
3461977500
4990683244
4959586187
4923304076
3461977500
4990683244
5016401218
4923304076
4968701153
5016401218
319486293
4949946258
319486293
4968701153
5065648086
1477742675
4949946258
314026930
5055848314
314026930
5065648086
1477742675
5161276947
4974501471
5055848314
261148965
261148965
4986445976
5161276947
4974501471
4628852723
4986445976
480957808
4301914383
480957808
4628852723
387062637
4886179852
4301914383
387062637
4846365301
4886179852
224672630
5065323106
224672630
4846365301
406666755
4789582785
406666755
5065323106
483879400
4784305671
4789582785
483879400
4841013674
4784305671
4938552271
4841013674
222826141
4968293433
222826141
4938552271
59940878
305810212
4842967684
59940878
305810212
4968293433
369025518
321467536
5051147517
369025518
321467536
4842967684
3565158
377906470
4912796064
3565158
3715819262
5051147517
331484827
3728468454
377906470
222775724
4776095380
331484827
222775724
4912796064
381844091
4995353964
3715819262
3728468454
381844091
4776095380
3683853615
361467005
4051839761
2565015493
361467005
4995353964
497481087
4901310013
256800222
1478311266
3683853615
497481087
4051839761
1391675126
1416036836
2565015493
483269343
5041249800
2743363109
166025328
256800222
2387869576
97142652
347162943
231959848
439700099
439700099
453316376
483269343
4901310013
2160721521
1478311266
166025328
347162943
4783279173
177887846
97142652
231959848
453316376
363120992
256960356
1391675126
222908509
1416036836
5041249800
2387869576
177887846
987417769
431519648
363120992
3792054420
256960356
222908509
2160721521
223444859
2743363109
431519648
2711431011
987417769
4783279173
165021436
223444859
421153155
5005192887
165021436
1537748507
40959721
1381859667
3792054420
421153155
328014819
328014819
533380797
40959721
3552190326
82167829
82167829
2711431011
1537748507
533380797
5005192887
181490867
1381859667
352652252
5149657424
361790630
1590559280
2622717463
2653052429
247428344
2622717463
352652252
181490867
21864887
21971882
21971882
26440399
23251401
22415906
38150234
361790630
3552190326
22415906
23251401
26440399
2653052429
25601373
247428344
3290694136
38150234
21864887
5149657424
25601373
3394608944
1636737444
1590559280
4869270392
3130510079
62934430
23592959
3529449055
1880899507
358281395
103049308
3290694136
103049308
1399062585
1672114386
23592959
1636737444
5210617733
62934430
3394608944
358281395
2773609424
2773609424
3130510079
4869270392
293144386
3529449055
467680593
5106982397
1880899507
1580649531
1580649531
1399062585
293144386
1672114386
4787118749
467680593
438093163
5210617733
1489373415
241358407
4707059060
438093163
241358407
5106982397
2802622991
4787118749
476393422
3283482390
5144183146
3207650606
1489373415
476393422
4707059060
481434528
429239342
4927124777
2802622991
1984644835
481434528
429239342
3283482390
3207650606
5144183146
1270102645
380235403
344405524
4759608864
4919542848
380235403
4927124777
344405524
1270102645
1984644835
458597222
4701793957
2887018900
2887018900
2956813543
458597222
4759608864
3063904434
4919542848
427912723
4915356868
4960522447
427912723
4701793957
2956813543
374854452
4808082467
3063904434
374854452
4915356868
4960522447
57802743
321634390
4261906864
4952346385
57802743
321634390
4808082467
518526125
472538585
5036404188
518526125
472538585
4261906864
3565158
4952346385
495680522
4809383564
4969047379
3565158
3668340193
5036404188
135146545
3528619910
495680522
418696436
5009957733
135146545
4809383564
418696436
4969047379
336621845
5002522924
5210690001
3528619910
3668340193
336621845
5009957733
3702639788
472826062
4587478729
472826062
5002522924
5210690001
324477259
4684265622
5155024746
3702639788
324477259
1280882940
1280882940
4587478729
1427752109
1354153085
3012485710
2814665876
332467014
4959478992
2877874194
3012485710
2877874194
332467014
294947567
4684265622
5155024746
2814665876
2721256645
4724314478
1427752109
1354153085
294947567
4959478992
532368720
1287908399
481766544
5124376577
481766544
2721256645
532368720
2713169279
4724314478
42152754
32010421
3467224942
408229534
5203166870
2889578929
1287908399
2713169279
3072461219
37585153
4087750825
3072461219
3059092304
3059092304
244875093
408229534
42152754
32010421
37585153
33632303
5124376577
2749269769
33632303
244875093
3467224942
1420709250
1560146852
3810996733
1560146852
36223077
29466624
1816460390
4943827861
5203166870
4087750825
2680498545
4512734800
2485153567
2889578929
36223077
29466624
1589562432
3594678297
2749269769
1420709250
3810996733
1816460390
4943827861
32819727
4637486323
378147575
387153850
1220360973
1373120347
1573708725
2604285451
2680498545
1224858260
23369725
1224858260
1090287659
21857123
23037713
2485153567
1193951118
1090287659
1868498285
2329349124
32819727
378147575
1589562432
387153850
5137890221
3853013466
3603374534
23037713
3603374534
21857123
2812624680
2604285451
3594678297
501353707
1220360973
4512734800
1193951118
23369725
10487398
23150296
501353707
379704896
261011408
4637486323
244796008
282612495
1373120347
23150296
3867284600
24264517
1573708725
2812624680
2596353040
379704896
261011408
10487398
1868498285
2329349124
18350078
24264517
244796008
282612495
3857926521
3615841357
3853013466
2871571392
5137890221
3615841357
5042915079
18350078
1158653024
3867284600
2596353040
3857926521
325475062
4990521366
2871571392
325475062
3582172678
5042915079
1158653024
3582172678
3585273039
449625046
4833190915
5220777356
553656959
553656959
3598647583
4990521366
449625046
483228063
329610871
4757396013
35115215
33764146
3403960104
483228063
3585273039
4833190915
329610871
5220777356
33764146
35115215
3598647583
477310134
325202333
4950094660
5232028895
477310134
4757396013
325202333
3403960104
5180751229
378785293
378785293
4950094660
5232028895
422053019
4762303037
5073729021
422053019
5180751229
396425732
4735133207
396425732
4762303037
5073729021
59235753
374925272
4964916783
4933874487
59235753
374925272
4735133207
383719786
342539269
4059144013
383719786
342539269
4964916783
3460300
4933874487
4059144013
462204985
5143906211
4964382075
3460300
3703857599
304801693
3688722170
462204985
385325186
4930478866
304801693
385325186
5143906211
4964382075
521157575
4984480921
5136940071
3688722170
3703857599
521157575
4930478866
2314579841
382914894
5078768312
382914894
4984480921
5136940071
429748160
4634011192
4806362126
2648432960
2314579841
429748160
5078768312
338458000
5052542209
4634011192
338458000
4806362126
2648432960
31066801
5067979955
32244407
30723276
3278524027
31066801
18350078
255643625
5052542209
451677660
30723276
32244407
18350078
255643625
451677660
14992178
5087837461
5087837461
14994636
5137140614
1476971571
5067979955
3278524027
38581622
38581622
39826065
23592959
3426389554
5261585802
453621165
3950569432
3727647545
14992178
14994636
3573981963
1915351867
39826065
23592959
3573981963
453621165
2890429710
2806792973
45717912
2806792973
5137140614
3409626564
1476971571
487881371
2595581362
3400958145
3426389554
487881371
1376914005
37135892
33869004
3520879576
45717912
3950569432
3727647545
5261585802
2512622276
1915351867
5190301064
2890429710
33869004
37135892
823946239
3409626564
2595581362
3400958145
1376914005
3520879576
3311341602
823946239
4964259291
2512622276
3560720706
3745845359
2501472858
2501472858
5162838935
338277770
5190301064
1025648276
3311341602
3300885158
338277770
365876482
4964259291
13946060
5043353115
3745845359
3560720706
365876482
1548585277
13946060
3743357873
3300885158
440236564
4497362249
5162838935
4329019714
500498306
1025648276
1397903416
43273314
440236564
500498306
1548585277
350719539
4973198729
2893179637
3743357873
43273314
350719539
4329019714
5043353115
479571951
4886300564
5247728092
1397903416
479571951
4497362249
4973198729
2893179637
314980182
314980182
388870225
4836158680
172974521
4886300564
388870225
34438531
27264614
3519071796
401907021
5163452898
4787158532
5247728092
172974521
27264614
34438531
401907021
4836158680
340426240
4945164805
3519071796
4787158532
340426240
5163452898
269758140
4945411016
269758140
4945164805
395817864
5058779798
395817864
4945411016
58819824
435289476
4792248785
58819824
435289476
5058779798
390958614
390958614
486395260
4956785617
486395260
4792248785
3460300
433655767
4966073258
3460300
3540507829
4956785617
244248203
3540202672
433655767
147104943
4988961018
244248203
4966073258
147104943
366510640
4295088533
3540507829
3540202672
366510640
4988961018
3797031105
357817444
4889068694
357817444
4295088533
348816975
5172135416
3797031105
348816975
4889068694
516461772
5049242713
516461772
5172135416
5049242713
279110474
279110474
381904952
381904952
457429419
5009713233
457429419
492018360
4812904872
5009713233
492018360
486871355
486871355
484011420
4557980538
484011420
4812904872
526881403
5006475781
526881403
4557980538
413167197
4988582057
413167197
5006475781
331853627
4982213105
331853627
4988582057
495662656
4827506665
495662656
4982213105
61030761
428218770
4632356964
61030761
428218770
4827506665
364746268
364746268
377350791
4531174847
377350791
4632356964
3565158
474007520
4750688854
3565158
3789297154
4531174847
355351107
3783219602
474007520
235934086
4909744722
355351107
4750688854
235934086
3789297154
336792272
4570436837
3783219602
336792272
4909744722
3611357413
355522305
4904514791
355522305
4570436837
466763688
4837668877
3611357413
466763688
4904514791
345625724
4206896793
345625724
4837668877
518663061
518663061
4206896793
288953347
288953347
389229937
4826152802
389229937
295888331
5019174421
295888331
4826152802
473485168
473485168
501121654
4893096851
501121654
5019174421
528329948
4910713569
528329948
4893096851
331495971
4961910473
331495971
4910713569
494720556
4848775789
494720556
4961910473
4983224946
4848775789
60983963
4949076457
60983963
4983224946
332186975
332186975
5006753867
4949076457
3460300
4823293238
3460300
3721819427
5006753867
211176468
3381376894
4893681316
211176468
4823293238
4751538123
3381376894
3721819427
4893681316
3686941171
4848439019
4751538123
4502131709
3686941171
4848439019
4661328638
4502131709
4664510073
4661328638
179629953
179629953
4715175620
4664510073
4650120279
4715175620
5042466730
4650120279
4972473321
5042466730
4728812757
4972473321
4957375120
4728812757
283131245
283131245
5043985610
4957375120
5052933066
5043985610
4863886251
5052933066
4184294857
4863886251
360795219
360795219
5027381638
4184294857
4765150506
5027381638
4966478034
4765150506
4940998663
4966478034
4710587959
4940998663
25493272
4663413972
25493272
4710587959
432838271
432838271
4350705375
4663413972
3460300
4992496255
3460300
3707048564
4350705375
165971486
3131644004
4710053575
165971486
4992496255
4801206100
3131644004
3707048564
4710053575
3700265406
4669586854
4801206100
4987612866
3700265406
4669586854
4972461980
4987612866
4893797120
4972461980
361377947
361377947
5008772917
4893797120
4974677256
5008772917
4880320725
4974677256
5048794038
4880320725
4766179065
5048794038
4675077475
4766179065
307225502
307225502
4481476670
4675077475
4980479016
4481476670
5084372661
4980479016
4724442631
5084372661
164245391
164245391
4800784013
28235606
42257612
2044970971
4724442631
28235606
42257612
5059167972
4800784013
2044970971
4565931205
26744359
33869004
3383822958
5059167972
4333332227
26744359
33869004
4565931205
247079352
4946502609
3383822958
247079352
4333332227
54658265
388320720
3251570834
54658265
388320720
4946502609
470933736
470933736
501298641
3954895934
501298641
3251570834
106496
471604531
4969730477
4942797478
106496
3649927143
3954895934
324593328
2950803634
471604531
497633884
4828343917
324593328
497633884
4969730477
4942797478
450229051
4908976217
2950803634
3649927143
450229051
4828343917
3717569584
486017440
4381767195
2427618785
486017440
4908976217
389023968
4953793893
3717569584
389023968
4381767195
169240808
3521503118
2427618785
169240808
4953793893
256869358
256869358
76656297
3521503118
18245221
469386715
76656297
469386715
18245221
347775643
2787608998
1981101624
1981101624
347775643
3226314319
2639076390
1872609341
3922371726
326412506
2787608998
326412506
1376642550
276036717
3226314319
436700185
4873786700
2639076390
2379347734
3732735175
276036717
436700185
1872609341
2379347734
1376642550
230000107
3922371726
2564744973
1621566401
230000107
4873786700
2862106154
3732735175
477905130
5252752100
154583033
14996274
3253371105
1621566401
1405854702
477905130
371931103
2564744973
154583033
14996274
2862106154
176215917
371931103
5252752100
2630791718
2837224459
3253371105
1405854702
176215917
4568770861
97011229
330391790
4978355726
2630791718
2837224459
3535326970
330391790
3594416885
4568770861
97011229
306985997
511061140
5119147125
4832855346
306985997
4978355726
511061140
416120089
3535326970
368307480
4728560034
3594416885
416120089
368307480
4832855346
358532514
384311802
5022005670
5146901505
5119147125
358532514
4728560034
384311802
369321106
4846237844
369321106
5022005670
5146901505
499999316
4548833043
499999316
3337200592
4846237844
432484682
4969601339
432484682
4548833043
59127950
5009495917
492549595
59127950
3337200592
492549595
4969601339
328440543
417356496
5176431386
328440543
417356496
5009495917
3565158
519480704
4871587162
3801183451
3565158
3703701162
5176431386
345101252
3703950918
519480704
436006956
4959960672
4871587162
436006956
3801183451
345101252
536662774
4618135648
5169097964
3703950918
3703701162
536662774
4959960672
3621793256
426075135
3563563434
2657504580
1597062999
426075135
4618135648
573198899
4968427837
4098345627
5169097964
3621793256
573198899
1418728846
3563563434
2657504580
1597062999
289033694
4765298841
252609840
364460530
2631227659
289033694
4968427837
4098345627
1418728846
364460530
283869364
252609840
122046682
1375064733
4765298841
283869364
470155337
262954289
2631227659
122046682
470155337
262954289
1375064733
341663416
4845035632
252202229
822453192
40477200
3520677146
3601406336
1847348083
341663416
153880391
3601406336
3798959602
252202229
40477200
245545937
153880391
3520677146
2190813118
822453192
1847348083
4845035632
1889132556
1665465563
231376201
241432450
372512201
3166128875
5237859950
245545937
2190813118
3798959602
3920735359
231376201
1889132556
1665465563
2228654845
372512201
241432450
1522743488
3712912625
2228654845
3166128875
5237859950
3920735359
1826454268
3428001058
178425481
5128760678
178425481
1522743488
1826454268
3712912625
461554813
3848946303
3428001058
461554813
1789579962
3605996480
3581883572
1789579962
3605996480
5128760678
252571221
397405701
5144024196
2641805594
397405701
3848946303
252571221
37194767
471504104
4763818864
3581883572
3618419376
471504104
5144024196
37194767
488547964
4948031408
5145869076
2641805594
488547964
4763818864
3618419376
484538232
4962539854
484538232
4948031408
5145869076
332543141
4211450901
4999196704
4962539854
332543141
436223107
4689928712
4211450901
436223107
4999196704
514275319
4834678135
4738033213
514275319
4689928712
218234233
4826205488
4834678135
218234233
4738033213
60983963
355670043
4722871543
5061059245
60983963
355670043
4826205488
529651056
380840254
4838034086
529651056
380840254
4722871543
3460300
5061059245
460572883
4953769147
4929773866
3460300
3725021443
4838034086
335216770
3682912304
348221345
4393855156
460572883
4953769147
4929773866
348221345
335216770
393685323
4897382847
4655304534
3682912304
393685323
3725021443
4393855156
3629702572
424505885
4885623499
424505885
4655304534
4897382847
456940893
4963768033
3690154988
3629702572
4885623499
456940893
476689140
4955426541
4963768033
3690154988
476689140
4470065203
4955426541
3698416028
3606279493
4470065203
3634455224
81528574
5653253462
3634455224
3460300
3460300
4925231114
112455734
112455734
112512204
3698416028
263722038
3808453138
1666423972
81528574
3606279493
112512204
273354417
263722038
3565535320
5653253462
1666423972
3808453138
3834684162
273354417
3841806092
3627428886
1647761763
4925231114
5154771445
10487398
13841202
10487398
2794878861
3565535320
3834684162
1394247633
3841806092
3627428886
13841202
5076064045
1647761763
1593487738
3428799067
1464274869
385556818
2794878861
3392563433
1394247633
3777849797
5154771445
1464274869
3529780379
3368751830
385556818
329903263
1427233233
44238813
3938876515
1241732665
457607028
1243427822
253816626
1593487738
1241732665
5076064045
333739888
3428799067
329903263
1396083675
10483302
1427233233
44238813
3392563433
253816626
457607028
819349025
1243427822
3938876515
3529780379
333739888
3777849797
1396083675
10483302
3368751830
477420879
4707683019
819349025
1413965910
477420879
393655053
4939201888
1413965910
393655053
4939201888
297327795
4760250992
5246494480
4707683019
297327795
377658312
301606127
4901188601
377658312
4760250992
301606127
5246494480
353875932
311015749
5002136402
311015749
353875932
4901188601
240492473
4989129735
5002136402
240492473
403754648
372272730
4958129379
403754648
4989129735
372272730
320495122
4559994872
320495122
4958129379
28278365
467746474
4952326438
28278365
467746474
4559994872
200393055
427422256
4941569302
200393055
427422256
4952326438
3460300
467103666
4972821795
3460300
3773212309
4941569302
286699234
3695110051
286699234
469233453
5007341601
467103666
4972821795
469233453
290495456
4966512123
3773212309
3695110051
290495456
5007341601
3743774373
305551575
4928105766
305551575
4966512123
413173452
4906439611
3743774373
4928105766
413173452
419184717
5042949733
419184717
4906439611
5042949733
468041620
468041620
1614911237
1614911237
4857400961
4857400961
4700560096
4700560096
4956742502
341986837
4997676731
4956742502
4874074765
341986837
434019700
4953560060
4997676731
434019700
4874074765
88269772
4950381473
88269772
4953560060
422287411
4831141219
422287411
481988385
4960610855
4950381473
4831141219
481988385
305572719
4966160200
305572719
4960610855
474014572
4945864978
4966160200
28173507
474014572
563352346
5046347169
28173507
563352346
4945864978
513293840
4793917696
5046347169
513293840
3460300
447342697
5048294740
3460300
3664812035
4793917696
293554026
3711493009
421660748
4011720094
447342697
5048294740
421660748
293554026
482766257
4717854040
3711493009
3664812035
4011720094
482766257
3704245172
518675143
4730377245
4717854040
518675143
354750839
5055701032
3704245172
4787233136
4730377245
354750839
4919029187
370730386
5068692825
4787233136
5055701032
370730386
4919029187
5068692825
4928704807
4928704807
4974846404
3419941543
3813822700
4974846404
3419941543
3813822700
5115863928
511890816
4932991299
511890816
4932991299
5115863928
390059857
4605084148
390059857
493930145
493930145
343163802
4775807767
343163802
4605084148
379427841
4882672971
379427841
4775807767
175758838
5064814784
175758838
4882672971
147015570
6215486863
5064814784
147015570
4799096001
6215486863
4799096001
60887218
4654531357
60887218
301631415
301631415
4943032323
4654531357
3565158
4789207835
3565158
3672869760
4943032323
274610622
3668456857
4713761901
4789207835
274610622
5004245083
3672869760
3668456857
4713761901
3696253565
4882015396
5004245083
4928989904
3696253565
4882015396
4847285791
4928989904
5006466731
4847285791
340226531
340226531
4910778855
5006466731
5094968282
4910778855
4949758922
5094968282
4892687661
4949758922
4936532256
7087092937
4892687661
3781004977
4981961095
4936532256
7087092937
501651643
501651643
4971365601
3781004977
4981961095
4236331653
5154014384
5152843756
4971365601
277913716
4826329560
277913716
4236331653
5154014384
5044095150
5152843756
4826329560
337138836
337138836
4671226999
5044095150
5035464947
4671226999
4900548661
5035464947
4967887021
4900548661
4898047245
4967887021
52375069
5036155974
52375069
4898047245
493976084
493976084
4342922336
5036155974
106496
5077103912
106496
3154155331
4342922336
323834486
3779361300
4458410826
5077103912
323834486
5001412884
3154155331
3779361300
4458410826
2913726019
4946019621
5001412884
4174206968
2913726019
4946019621
4929600734
4174206968
4979002943
4929600734
319985984
319985984
4634240218
4979002943
5066358712
4634240218
4907075141
5066358712
4845816365
4907075141
4736263467
4845816365
4687491004
4565452932
4736263467
428064594
428064594
4959055859
4565452932
4687491004
4908242721
4959055859
4331465299
4908242721
5002055370
4331465299
231513446
231513446
4925887185
5002055370
4941460954
4925887185
4928900409
4941460954
5000135715
4902136117
4928900409
331208187
5080182589
5000135715
331208187
61069990
4902136117
352799496
4799069425
61069990
352799496
5080182589
427447966
427447966
391705538
5086691314
4799069425
391705538
3460300
508209670
5013747118
3460300
3401287862
5086691314
187499627
3533510109
508209670
504121017
4973728637
5013747118
504121017
187499627
580760400
4927322466
3401287862
3533510109
4973728637
580760400
3623938968
334796263
5008741357
4927322466
334796263
496019211
4583275499
3623938968
5008741357
496019211
3388770883
400237862
5067824453
225478802
4895927137
1399605288
1329864732
4978277686
400237862
4583275499
225478802
5040146649
1399605288
4919198215
3673954009
3388770883
4919198215
3181542904
5067824453
1329864732
389695843
4895927137
207397670
389695843
4978277686
14048460
4617051310
14048460
3949030501
1430884825
4617051310
5040146649
207397670
3949030501
1510462536
2878376106
1510462536
3673954009
298177050
4627032639
3181542904
1466357551
4627032639
1430884825
2833283739
169151771
298177050
254252609
1476620861
3494560878
1476620861
3494560878
4908689829
2878376106
3186185736
169151771
2363211590
3288009535
1466357551
254252609
2833283739
3288009535
4744375328
2723268016
3777991143
2512634059
3842600180
5155811397
4744375328
2902178282
3466141468
4908689829
2457452795
3186185736
2801179877
3442937564
2836624947
3429640379
2836624947
2623368561
2723268016
3777991143
2512634059
199767562
425206555
181950194
3842600180
199767562
3355956561
2902178282
1447291256
903323514
5281906023
3506858825
1484687906
3466141468
909126942
2378930842
1419390640
2726678870
425206555
181950194
5155811397
2457452795
2801179877
3442937564
3429640379
78255900
2623368561
525818216
1419390640
903323514
1126642122
3355956561
2661417565
1447291256
2531599298
78255900
3862733992
525818216
1484687906
1262279100
1365071760
909126942
1466794447
3506858825
1262279100
5281906023
2363211590
2726678870
1126642122
3528323896
358029770
353796324
5077075920
3520809763
259560014
3430640460
2378930842
1395868496
2661417565
358029770
2531599298
353796324
1432105990
1466794447
3862733992
1365071760
3520809763
1432105990
3767987872
3841834041
482473348
4942608056
259560014
1395868496
3430640460
3528323896
482473348
5077075920
378485290
380545496
4038863340
5175730463
530653675
1418591418
3767987872
3841834041
1406026293
378485290
4942608056
380545496
1406026293
273529683
530653675
281982357
4883053801
1418591418
273529683
281982357
4038863340
5175730463
374296352
564209137
4805286948
4815680927
374296352
4883053801
564209137
4961506684
525216955
4703010219
525216955
4805286948
1422270228
1422270228
1267398696
4815680927
213336274
5007209238
5091417809
1267398696
3567646074
4961506684
213336274
4703010219
449200332
4989949506
5007209238
449200332
5091417809
56041866
3567646074
385370456
4800271418
4795139384
56041866
385370456
4989949506
377356654
274866754
5023068409
377356654
4800271418
274866754
3460300
230018135
4550987869
4867960037
3460300
4795139384
3699733802
5023068409
321622575
3717037236
419818833
5032483420
230018135
4550987869
419818833
321622575
4867960037
341057097
4989117981
3717037236
3699733802
1468858638
5032483420
341057097
2777353894
484104786
4933556024
484104786
4989117981
1468858638
337257621
4831075880
5146801927
2639654036
18350078
2777353894
213850011
337257621
213850011
18350078
371653861
4901294408
4933556024
2639654036
371653861
4831075880
5146801927
78461732
162229243
230696948
5264710817
3141582643
5116464516
242520082
3647562698
162229243
78461732
230696948
2742618516
308934985
10487398
4901294408
10487398
334240653
10487398
10487398
13946060
13946060
3469729804
6920601
242520082
2661620805
4993056351
308934985
6920601
334240653
5264710817
3141582643
3141769506
2996566661
166539505
2996566661
166539505
5116464516
3647562698
2621219666
176445565
906862820
535167382
5059646476
2644291982
1063123309
2742618516
4883840210
3544375922
3469729804
862213493
2717187276
176445565
352380584
4993056351
1427506297
2661620805
535167382
3141769506
1063123309
3925287108
2621219666
352380584
3507904067
2644291982
3544375922
906862820
1665316981
1427506297
2776224517
3135858920
5059646476
4883840210
387258504
5016819411
862213493
2717187276
4991793517
5156038735
2087881619
2632347182
3894010857
2748990657
2776224517
2728118479
2632347182
6920601
3153515672
387258504
6920601
3925287108
224511536
2748990657
3507904067
3894010857
1665316981
5016819411
3565158
3460300
3460300
3460300
3565158
2660097724
3565158
3106388497
3135858920
224511536
3565158
2660097724
3460300
3763661865
4991793517
3369817600
1429416298
2087881619
4995097305
6815743
6815743
71440156
166748258
1282725292
5156038735
1414973907
3153515672
253527888
2648597716
1570302238
1644954677
4151015663
71440156
2728118479
3697214595
430751224
166748258
2663551774
3106388497
1380101212
43170935
32789787
1414973907
357816874
3763661865
253527888
2495470530
3369817600
1429416298
430751224
226457977
32789787
1282725292
2199094394
43170935
2863362375
2648597716
1570302238
315651879
5241980838
1644954677
357816874
44147665
3227303675
4151015663
226457977
3697214595
2663551774
4995097305
44121162
1380101212
3065905506
315651879
2495470530
44147665
386992942
4774366650
3849290264
2199094394
44121162
95938806
2863362375
4752851806
386992942
3227303675
5241980838
350421899
4836053516
5128638626
3065905506
2765307208
95938806
2800159116
2765307208
4916090627
3849290264
18245221
350421899
4774366650
488254139
4752851806
375119365
4248781851
18245221
488254139
375119365
4836053516
4573403794
5128638626
2800159116
488921818
465033169
4737481013
5133892491
4916090627
488921818
4248781851
465033169
397419854
4837852731
4573403794
397419854
4892339000
4737481013
5133892491
351724856
4461662009
4951847737
351724856
4837852731
466742736
3989961037
4892339000
466742736
4951847737
4461662009
57697885
506726613
3453094096
5038471224
57697885
506726613
3989961037
537011360
1419844848
3611949800
1419844848
358128903
4852578723
537011360
358128903
3453094096
3460300
232041816
4959903854
5055244535
3460300
5038471224
3390122410
3611949800
4852578723
218330858
3483310490
232041816
520585354
4893218196
4959903854
520585354
5055244535
528344253
3963220471
3483310490
218330858
3390122410
4893218196
528344253
3519280312
392046285
4952471093
392046285
3963220471
324732458
4962598755
307197119
272950981
307197119
3519280312
1675518968
3611620603
3180261504
2674602280
324732458
4952471093
3160849400
3160849400
13841202
272950981
421679439
5083901488
3565158
13841202
2674602280
3452114332
4962598755
421679439
3565158
1675518968
36058638
3518437721
106496
106496
36058638
374063014
39715704
5171442420
3180261504
3611620603
3231728597
3460300
3231728597
257275555
3189104237
5083901488
460461671
374063014
521911360
3460300
39715704
2750789747
3452114332
208074523
460461671
521911360
257275555
3518437721
3783994562
2746901924
3873500108
2745633627
106496
106496
208074523
3189104237
404471197
4283368761
2264905260
5171442420
2659443195
2750789747
2659443195
2261079194
2635835746
1408227062
404471197
2635835746
4945053795
4283368761
3783994562
2308624415
1513530231
2746901924
2667066423
3873500108
2976357557
2745633627
1244077724
125778439
2264905260
1278555854
2261079194
1408227062
5219620107
1244077724
125778439
1513530231
4945053795
3830833093
1551746521
2308624415
2667066423
2530226957
690941122
2976357557
262479202
43172536
13841202
3460300
13841202
522653835
2973301703
1278555854
2218540016
262479202
2218540016
1645813556
3460300
690941122
130054619
1551746521
139224717
5219620107
43172536
522653835
15099494
3830833093
75314268
4920519088
478987607
1558221405
130054619
2530226957
164348121
1124406206
1645813556
139224717
371620050
79856031
15099494
2632982348
14994636
75314268
925253756
2973301703
478987607
355502692
14994636
371620050
164348121
2495652330
3565158
3565158
79856031
276292925
276292925
359601727
355502692
3426368221
925253756
1558221405
3685407740
4611432746
518944073
1124406206
3476395040
359601727
1508850277
1508850277
1856638589
459456350
5218732298
45172031
4920519088
2632982348
1085414081
518944073
4712896237
1249001533
2495652330
4712896237
4511709271
459456350
3426368221
229839702
4656878883
1940787705
1085414081
3476395040
4611432746
1940787705
1856638589
1249001533
4511709271
229839702
44354764
5218732298
3685407740
30618418
1856388314
2371854677
749578576
346028744
4106049833
5050583372
4755833958
3621501456
2693466857
45172031
2693466857
3965612853
44354764
30618418
346028744
4656878883
439705560
749578576
444670696
4349809096
1856388314
439705560
2371854677
3615825840
444670696
4106049833
5050583372
4755833958
4931648759
321412643
402915658
4655577914
5085573301
3621501456
175340612
3965612853
321412643
4349809096
402915658
4931648759
175340612
455668758
4840779834
3615825840
4994509748
455668758
4655577914
5085573301
260978803
230063663
385369875
5054737440
4684446985
4994509748
230063663
260978803
385369875
4840779834
461323452
4804589640
461323452
4684446985
28847076
5054737440
443385237
4957479872
5068749294
28847076
443385237
4804589640
434909920
475490674
4962021354
434909920
475490674
4957479872
3460300
339668821
5119442036
5003032739
3460300
3681858961
5068749294
4962021354
221324313
3599273916
424345873
4956769281
339668821
5119442036
424345873
5003032739
542716177
4868697122
4944726386
3599273916
221324313
3681858961
542716177
4956769281
3795885338
4868697122
426636893
4667273926
426636893
4944726386
416122959
5159528337
4823553401
2663736941
3795885338
416122959
4667273926
3454415558
442074829
4798165073
2882806047
4976221216
855010217
442074829
5159528337
4823553401
5030225204
1650202301
2663736941
4933507606
3460300
3460300
4976221216
5199398816
855010217
2741729101
3454415558
4941027494
1542969139
1396949877
4798165073
2882806047
4933507606
1474967749
466407188
1597526242
124581373
4981428840
2890709612
4941027494
1650202301
5030225204
1396949877
324523447
466407188
43274223
1452997896
3664517028
1452997896
124581373
180575744
1597526242
2741729101
3102101330
229992064
1542969139
4981428840
3470809023
324523447
4678357798
5199398816
1474967749
180575744
1632143006
43274223
31666994
1632143006
4558848000
31666994
425354469
1640374025
387151372
387151372
328296190
406442893
4958646034
1322839273
916877543
3666862685
229992064
4558848000
5150529948
4269037910
263051521
2890709612
31666994
31666994
425354469
3664517028
328296190
950604379
236262554
950604379
988184254
2862475226
3102101330
3561695779
406442893
236262554
1546530334
3470809023
176245827
1259923948
916877543
2386799471
5239185649
2386799471
2267719905
1645732092
3636454963
1945661615
5239185649
263051521
2363398008
1640374025
278296035
3629078962
2885066376
283437055
1466938638
4678357798
1546530334
1645732092
1322839273
18350078
2640315701
176245827
408712362
988184254
3666862685
4958646034
1259923948
5150529948
176537141
4269037910
2862475226
2267719905
2876004015
408712362
3561695779
283437055
18350078
1945661615
4849765871
278296035
3636454963
2367251820
196568254
176537141
2363398008
2144726061
2367251820
3629078962
2885066376
1094342413
1466938638
261863410
503989666
4235379931
3572629710
196568254
1094077689
978390200
281541057
1086092658
408984993
281541057
2640315701
3689439416
107394753
115745072
275158051
3716967136
2876004015
1494378541
5094309888
1094342413
261863410
2771289503
503989666
350682270
350682270
172831050
1517470686
4849765871
115745072
1246934371
2144726061
978390200
1094077689
1086092658
408984993
4878917905
1517470686
3689439416
275158051
107394753
3572629710
3724663275
2714195044
340571793
276235520
4136702171
172831050
482990826
5112392288
1246934371
1494378541
2762335194
3716967136
5094309888
276235520
821919468
340571793
4235379931
2771289503
630721764
3519269187
977846969
957885908
27227750
563586812
482990826
3839687137
957885908
1207195917
4878917905
506157141
4815599511
821919468
2714195044
3724663275
4136702171
630721764
27227750
4293474734
977846969
563586812
506157141
2762335194
1207195917
5112392288
386485949
381248840
4642163509
5090864539
3519269187
3839687137
381248840
386485949
4642163509
478066190
4815599511
478066190
428945998
5022126185
4293474734
5090864539
428945998
374014495
5093338128
3979507519
5022126185
374014495
330079307
4951180949
330079307
3979507519
5093338128
375027189
2789855051
4951180949
375027189
422761170
4135834518
2789855051
422761170
59837662
4946862110
356914632
59837662
4135834518
356914632
223549465
223549465
337210254
7091840258
4946862110
337210254
3565158
529860149
5066628988
3671453476
7091840258
305738568
3793215186
3565158
409650519
4816042380
529860149
409650519
5066628988
3671453476
349404749
4962575790
3793215186
305738568
4816042380
349404749
3758520265
496289630
4800171649
496289630
4962575790
445942061
5039436436
5269655399
3758520265
4800171649
2859085566
445942061
440165408
4300909101
3492069817
3460694048
3492069817
2649421969
5039436436
5269655399
3436949522
440165408
2859085566
186042621
5019466362
3898949599
3759483656
4300909101
3460694048
186042621
278007798
237950564
2649421969
278007798
3436949522
237950564
42257612
4842303158
5019466362
2402841600
3759483656
42257612
486218187
5137314800
31563776
31563776
4842303158
486218187
3620499628
1468889966
3620499628
2402841600
3898949599
23802674
715754126
5133517656
811888468
1197598632
2713693013
23802674
715754126
1468889966
5002646612
5137314800
2963907170
2858051550
811888468
25690111
1197598632
2651077809
405746485
2448654351
1370285394
5133517656
1613238362
2713693013
3968312751
25690111
414283464
405746485
5108738358
33679841
1081250419
2858051550
5002646612
1398312798
2963907170
3327171485
2651077809
1463298033
2448654351
33679841
5032957720
414283464
1370285394
2700455860
1081250419
1241898316
1074390512
1081732734
1613238362
2579306973
2700455860
522033526
5108738358
399166554
1398312798
399166554
3327171485
1241898316
1074390512
1081732734
4955804244
522033526
3968312751
5168813992
1463298033
3675614793
16887808
1428000637
2099136547
367600872
2579306973
5032957720
3509641240
3124140765
5213290843
1396994752
16887808
106496
106496
367600872
3460300
3509641240
3460300
4955804244
3397732927
5168813992
34917580
3675614793
1428000637
28309094
497270852
4939567731
28418048
2824169575
2099136547
3124140765
5213290843
1396994752
34917580
497270852
28418048
28309094
309004540
4978731119
4976056818
142571312
3397732927
4939567731
2824169575
142571312
309004540
382365265
382365265
349965758
4785936453
4978731119
349965758
4976056818
482505728
4981946836
4785936453
482505728
105877799
4111979004
4981946836
105877799
473883647
5002121834
4111979004
473883647
4340461902
5002121834
61069990
5060745811
61069990
4340461902
335443890
335443890
4242431220
5060745811
106496
4911345856
2330519696
4242431220
240541334
3614436546
106496
4794451818
4911345856
4127563977
2330519696
3614436546
240541334
4794451818
3657009448
4891960666
4127563977
4859661664
3657009448
4891960666
5006308365
4859661664
5045868981
5006308365
515998297
515998297
4482913699
5045868981
4965254953
4482913699
4899990654
4965254953
4680149482
4899990654
5036959658
4680149482
4932344329
4983786568
5055753060
5036959658
2621842715
473474522
473474522
4938965260
5055753060
4932344329
2621842715
4983786568
4474039722
4938965260
4637748973
4474039722
4847934079
5039567822
4637748973
5007369605
344745278
344745278
4243969194
5039567822
5007369605
4692367728
4243969194
4847934079
4601894659
4692367728
4977150981
3187128616
4601894659
4765428685
4977150981
27789513
27789513
4669360583
4765428685
351824046
3187128616
351824046
4917924749
4669360583
3460300
4943175623
2319289099
4917924749
335181403
3608725880
3460300
4670975164
4943175623
4019667677
3608725880
2319289099
335181403
4670975164
3536208747
5036764191
4019667677
4960972284
3536208747
5036764191
4749783895
4960972284
4982862368
4749783895
337317100
337317100
5006921524
4982862368
5001573549
5006921524
5005131898
5001573549
5078704294
5005131898
4997813549
5078704294
4914970708
4997813549
394827918
394827918
4998325142
4914970708
3934297514
4998325142
5046801816
3934297514
4139405158
5046801816
442099577
442099577
4628233525
4139405158
4815860755
4628233525
4777888131
4815860755
4948111165
4777888131
189514693
5083769414
4948111165
189514693
26214759
434010830
3896161790
26214759
5083769414
434010830
397013253
397013253
315543849
3944952030
3896161790
315543849
3460300
385241061
4212750893
3591330554
3944952030
330882893
3688854026
3460300
374633896
4802508366
385241061
374633896
4212750893
261242587
5051072200
3591330554
3688854026
330882893
4802508366
261242587
3596190067
383665842
4865325061
5051072200
383665842
521087293
4871324940
3596190067
2661697442
3421277190
4865325061
2737158015
521087293
2388707483
2847133284
296450221
5007298601
1620580226
4871324940
3421277190
2661697442
296450221
2737158015
2388707483
2847133284
3493476907
359327861
1083546286
5007298601
1620580226
1267920821
483668304
483668304
359327861
3460300
1698213453
1083546286
30450168
3460300
1698213453
213158969
2464504594
1089077328
3493476907
206945319
30450168
213158969
461506970
5124645848
1038676228
1267920821
206945319
262344883
1089077328
2078124264
461506970
3939560496
2464504594
3939560496
4076730167
262344883
1038676228
359686071
4923624761
3586423523
1808032809
5124645848
4076730167
2078124264
359686071
3157565233
355718579
4875236660
1120107129
3360096860
225782761
3586423523
1808032809
4555893838
2435546226
1477255731
1272875601
162656951
355718579
976040640
2211422222
4923624761
225782761
162552805
3157565233
4031762621
3218270941
1819438301
1120107129
294270467
162656951
1449644092
2915963634
10487398
976040640
3360096860
4555893838
162552805
2435546226
1272875601
1477255731
4875236660
319050986
5157726996
294270467
371191301
1819438301
1400216019
10487398
4271793448
2666116070
3125662318
2211422222
3078295484
2672736297
4031762621
3218270941
2715892010
22086985
282116374
1449644092
263552263
2915963634
319050986
119225557
371191301
1825663203
3515359197
263552263
1825663203
23488102
1462953461
3800855211
1466230628
33841208
23488102
104983057
177021690
2579926199
104983057
1400216019
4544680618
282116374
5157726996
3902419697
2666116070
3125662318
4271793448
3588652862
1544389019
2579926199
177021690
1462953461
256175183
5151699741
3719503292
2672736297
2715892010
1394520531
33841208
119225557
3515359197
1466230628
1521080541
3800855211
2726382205
2334330124
1544389019
139329575
256175183
1435946655
22086985
168279821
3078295484
4544680618
393038198
4995948146
3658048558
3902419697
3588652862
3999274231
139329575
393038198
2726382205
168279821
1435946655
5151699741
3849229747
4995948146
313898367
529550140
4990043537
4390377264
1521080541
3719503292
2334330124
313898367
2661288696
467558212
3398963406
2661288696
529550140
1394520531
392447471
3943439820
467558212
3999274231
3849229747
2841197285
4990043537
3658048558
392447471
4390377264
983966964
458475778
167004405
5019472151
4987764512
3398963406
3943439820
983966964
458475778
2841197285
3702226303
167004405
439035747
4697258320
5019472151
4987764512
439035747
3543936154
390974538
303664163
4366420545
5200131268
3702226303
4697258320
390974538
3007152546
303664163
3543936154
390196009
5037523424
4366420545
5200131268
3303024533
390196009
61174848
433150603
413978468
4739025244
5054596139
3007152546
61174848
5037523424
433150603
447634206
413978468
447634206
3303024533
469613198
4329289688
4739025244
469613198
5054596139
3460300
527162894
478662231
4051794915
5159984269
3460300
3723749232
4329289688
478662231
289904383
3379324999
527162894
444939538
5030877343
4051794915
444939538
3379324999
371660333
393600332
4993016440
5223150925
289904383
3723749232
5030877343
5159984269
371660333
393600332
3723184584
423429226
4940225228
4993016440
5223150925
423429226
511398538
417553962
5006021438
4448452468
3723184584
4940225228
362220458
368174290
511398538
417553962
244850170
504694553
4952561649
2467316305
368174290
5006021438
362220458
238495242
2603613478
244850170
4448452468
504694553
1406088046
324060734
5218507756
2603613478
14994636
238495242
2467316305
4952561649
4997735078
361708672
431794182
1548024169
324060734
431794182
398517808
207322192
14994636
262176410
398517808
1406088046
176501951
3630921877
1313287017
396342446
3611576626
3691635560
262176410
361708672
3328888899
5218507756
4036621124
207322192
33868023
3379286381
172910721
396342446
176501951
10487398
4997735078
560176406
2841896643
450796878
4874655929
855248859
1548024169
1398876683
396410377
2285569154
2626028935
2673311714
33868023
3223139547
321584411
205539381
450796878
172910721
3630921877
1313287017
10487398
205539381
3611576626
279561020
396410377
560176406
1952670714
3691635560
77187773
163221070
2183653532
242687053
2591702820
321584411
3328888899
2285569154
855248859
4036621124
3379286381
242687053
1571267132
3947075556
215458710
77187773
18350078
354422947
115363959
271782363
3854339457
985733327
4953909077
15625420
3865948733
18350078
2841896643
25060965
354422947
332174900
180025437
3865948733
3021606295
1398876683
3021606295
3849683191
279561020
271782363
4874655929
2626028935
2673311714
163221070
164915049
239930167
202335422
176441195
18350078
3223139547
176441195
1362817224
115363959
15625420
81463079
422387977
5167129222
239930167
18350078
81463079
224360579
2183653532
25060965
2591702820
180025437
202335422
332174900
3075192451
1952670714
985733327
1571267132
422387977
3947075556
2810260302
224360579
3854339457
164915049
4131096547
4953909077
3565949853
3610803842
2364126974
1431972397
3519359657
87204651
3849683191
1362817224
4992390827
3519359657
87204651
273425948
2878340905
290252798
328323474
395520793
3075192451
2829074562
3565949853
161303887
273425948
1997650047
44839315
2716355584
1431972397
2810260302
344012584
5187896671
290252798
3385733988
304101150
4570234012
5167129222
1525650912
18350078
4131096547
568940432
2856097522
395520793
4570234012
3610803842
3881549404
2364126974
328323474
3303829985
1956110375
3881549404
44839315
240552496
344012584
489938115
161303887
2642721278
304101150
3603028300
2642721278
2631772032
3385733988
561360567
1508639064
568940432
3706750314
2878340905
4992390827
2856097522
1373832087
240552496
215458710
4409532909
489938115
2829074562
18350078
2716355584
1997650047
3757359735
6920601
329144860
5187896671
175336019
2470494482
395107302
561360567
3858870495
399577053
5189466109
1525650912
3706750314
39126515
2602056102
3303829985
329144860
3603028300
566394421
1956110375
2631772032
6920601
395107302
1011144636
1508639064
1011144636
1023339416
1373832087
4959338597
3556901975
175336019
399577053
3803596699
3458444157
2470494482
4409532909
39126515
325699646
470194297
4906147437
730022439
3757359735
5196022247
3682183154
566394421
3858870495
3641722831
5189466109
1023339416
470194297
325699646
2602056102
3583161035
3593141757
730022439
3556901975
4959338597
497711492
490320916
4751666228
5171377729
3803596699
3458444157
4906147437
497711492
490320916
5196022247
3682183154
321345454
488289534
4796215397
3593141757
3641722831
3583161035
321345454
4751666228
488289534
5171377729
328871338
231098280
4825947417
5141080747
4796215397
328871338
231098280
374706099
4626321601
3523778828
3523778828
4825947417
5141080747
469131058
5067420933
4974003913
4626321601
469131058
473842733
4892448331
5067420933
4974003913
473842733
59127950
459744559
4957557211
5083055465
59127950
4892448331
459744559
326366917
581474842
4128861354
374706099
326366917
4957557211
581474842
5083055465
3460300
284903445
5169490200
4651376220
3460300
3719497660
4128861354
284903445
250453860
3346526916
494053439
4897546789
494053439
250453860
5169490200
4651376220
3346526916
520395020
4788677109
4982515556
3719497660
4897546789
520395020
3720578001
274216115
4673885131
4788677109
4982515556
274216115
3720578001
331951979
5008211974
4866835261
4673885131
331951979
3611957532
522504141
4991414964
2630760162
1740406954
5008211974
4866835261
522504141
77163919
3098180389
216832875
279316615
468191523
5089940470
216282887
3565158
149710477
3565158
77163919
216832875
3460300
3460300
109724217
388333278
216282887
149710477
3611957532
2630760162
4991414964
3958690626
1740406954
279316615
468191523
1366143722
1468653817
2573139349
466024726
109724217
76610377
4543196391
3386893611
33389174
177150678
3098180389
2700490380
1360274877
2737536792
2229662162
388333278
466024726
76610377
149605619
5089940470
33389174
2700490380
177150678
3386893611
291226699
2737536792
149605619
1468653817
1366143722
2573139349
222123509
3958690626
379088742
4457808288
1364260722
1360274877
291226699
4543196391
115259101
3508796443
29092760
222123509
2229662162
379088742
3369741300
115259101
238203842
26738687
365489545
29092760
1151415862
1364260722
238203842
508327891
26738687
389658662
4457808288
365489545
3508796443
1471357860
389658662
3369741300
508327891
197377392
4635390108
1151415862
1456835111
3523350128
32349306
2843578937
2955172283
3070038342
197377392
106780341
449093256
32349306
3774763471
1471357860
3779052370
106780341
2843578937
3321700126
449093256
1456835111
3523350128
4635390108
268664675
2955172283
3070038342
3112395102
69480060
260686787
5175934784
3326305740
268664675
241053714
3774763471
69480060
3779052370
2581946823
260686787
3923550259
512760280
3321700126
241053714
346361243
255093670
1596192659
3923550259
3579030949
3333609061
4094075455
512760280
1938550079
3112395102
346361243
3326305740
2357210108
5175934784
703877447
3579030949
5192863229
1387931896
171275380
523934130
2581946823
255093670
335430208
3813256729
78354797
335430208
408994411
5036646755
2357210108
2276543505
523934130
2457439036
2807890576
4094075455
3087570611
3333609061
375414275
3460300
1596192659
78354797
703877447
3460300
408994411
171275380
1938550079
3214784375
3214784375
226369459
3422227617
5192863229
226369459
1387931896
233035071
375414275
379788802
4965645968
1220210695
5131828738
3813256729
233035071
359772532
379788802
3267169147
2276543505
2457439036
3087570611
2807890576
418233349
312567393
5084898095
5061758574
5036646755
359772532
3422227617
4965645968
1220210695
418233349
312567393
1301523493
4919617790
423223284
5131828738
3267169147
326166059
3606564205
4967170368
423223284
5061758574
326166059
5084898095
2956136830
4919617790
1301523493
378675072
446508552
5049503727
4784366191
3606564205
446508552
378675072
4967170368
495139340
179783543
4988455671
2956136830
5051712827
4848736391
5049503727
4784366191
179783543
495139340
3866858721
323348734
471862831
4792068526
5001903718
4988455671
323348734
5051712827
471862831
4848736391
378043194
5006776041
3866858721
4792068526
5001903718
378043194
26542604
399741237
4905949971
4998494300
26542604
5006776041
399741237
228098877
178110299
4935735313
5172642924
228098877
4905949971
178110299
3460300
4998494300
209889096
4895103337
3460300
2306206784
4935735313
209889096
5172642924
318767682
3667399469
293819964
4926260880
318767682
293819964
4895103337
2306206784
3667399469
251854921
4817035693
5169726471
4926260880
251854921
3718497742
343740841
4904421736
4817035693
343740841
5169726471
491456989
4955675213
5241477336
3718497742
372872143
3144771544
1591321549
4904421736
77757248
491456989
372872143
489236315
4294692250
77757248
4955675213
3144771544
489236315
5241477336
251126482
2603769263
4294692250
192969264
189311873
189311873
1591321549
2603769263
1268160456
4799744438
3891879405
251126482
411746301
5222670041
3891879405
163759553
575135560
192969264
10487398
14994636
1843349611
10487398
411746301
4230699198
4230699198
3814571804
241565376
1840218095
501273037
2622192991
1840218095
717515443
2668959401
33408728
33504297
36806656
36806656
41209036
240443197
163759553
1268160456
57753680
354081445
14994636
4799744438
241565376
501273037
281747268
575135560
2104207965
18454936
41209036
57753680
377005288
240443197
33504297
33408728
354081445
717515443
2446891407
1951967239
281747268
27317572
24254968
48170255
30639109
34343093
33313757
3904739234
5222670041
3936924381
377005288
3814571804
423411821
4581444880
1843349611
18454936
2668959401
2622192991
574412132
4020224879
1377205995
2737157601
1393615848
27317572
3896379520
24254968
48170255
30639109
3904739234
34343093
33313757
4794102046
361805879
2104207965
423411821
3889219838
574412132
177702603
2446891407
518484129
1951967239
1393615848
361805879
4978703082
3936924381
176481038
1382430667
518484129
3896379520
3889219838
413343627
25220870
3224249201
3848570760
2642426154
4581444880
2642426154
2737157601
1377205995
5018727041
4269414127
177702603
4794102046
176481038
25220870
413343627
418130134
4978703082
4012181402
198516874
334418208
4012181402
4020224879
1382430667
4269414127
418130134
3224249201
5018727041
198516874
3848570760
334418208
